PositionX: 48.076553
PositionY: 3.3587496