PositionX: 2.473323
PositionY: 2.5566564