PositionX: 29.291843
PositionY: 1.5583459